0.000000000000000000e+00
1.903995547630177657e-02
3.807991095260355313e-02
5.711986642890533317e-02
7.615982190520710626e-02
9.519977738150887936e-02
1.142397328578106663e-01
1.332796883341124394e-01
1.523196438104142125e-01
1.713595992867159856e-01
1.903995547630177587e-01
2.094395102393195318e-01
2.284794657156213327e-01
2.475194211919231058e-01
2.665593766682248789e-01
2.855993321445266520e-01
3.046392876208284251e-01
3.236792430971301981e-01
3.427191985734319712e-01
3.617591540497337443e-01
3.807991095260355174e-01
3.998390650023372905e-01
4.188790204786390636e-01
4.379189759549408367e-01
4.569589314312426653e-01
4.759988869075444384e-01
4.950388423838462115e-01
5.140787978601479846e-01
5.331187533364497577e-01
5.521587088127515308e-01
5.711986642890533039e-01
5.902386197653550770e-01
6.092785752416568501e-01
6.283185307179586232e-01
6.473584861942603963e-01
6.663984416705621694e-01
6.854383971468639425e-01
7.044783526231657156e-01
7.235183080994674887e-01
7.425582635757692618e-01
7.615982190520710349e-01
7.806381745283728080e-01
7.996781300046745811e-01
8.187180854809763542e-01
8.377580409572781273e-01
8.567979964335799004e-01
8.758379519098816735e-01
8.948779073861834465e-01
9.139178628624853307e-01
9.329578183387871038e-01
9.519977738150888769e-01
9.710377292913906500e-01
9.900776847676924231e-01
1.009117640243994085e+00
1.028157595720295969e+00
1.047197551196597631e+00
1.066237506672899515e+00
1.085277462149201178e+00
1.104317417625503062e+00
1.123357373101804724e+00
1.142397328578106608e+00
1.161437284054408270e+00
1.180477239530710154e+00
1.199517195007011816e+00
1.218557150483313700e+00
1.237597105959615584e+00
1.256637061435917246e+00
1.275677016912219131e+00
1.294716972388520793e+00
1.313756927864822677e+00
1.332796883341124339e+00
1.351836838817426223e+00
1.370876794293727885e+00
1.389916749770029769e+00
1.408956705246331431e+00
1.427996660722633315e+00
1.447036616198934977e+00
1.466076571675236861e+00
1.485116527151538524e+00
1.504156482627840408e+00
1.523196438104142070e+00
1.542236393580443954e+00
1.561276349056745616e+00
1.580316304533047500e+00
1.599356260009349162e+00
1.618396215485651046e+00
1.637436170961952708e+00
1.656476126438254592e+00
1.675516081914556255e+00
1.694556037390858139e+00
1.713595992867159801e+00
1.732635948343461685e+00
1.751675903819763347e+00
1.770715859296065231e+00
1.789755814772366893e+00
1.808795770248668777e+00
1.827835725724970661e+00
1.846875681201272323e+00
1.865915636677574208e+00
1.884955592153875870e+00
1.903995547630177754e+00
1.923035503106479416e+00
1.942075458582781300e+00
1.961115414059082962e+00
1.980155369535384846e+00
1.999195325011686508e+00
2.018235280487988170e+00
2.037275235964290054e+00
2.056315191440591938e+00
2.075355146916893823e+00
2.094395102393195263e+00
2.113435057869497147e+00
2.132475013345799031e+00
2.151514968822100915e+00
2.170554924298402355e+00
2.189594879774704239e+00
2.208634835251006123e+00
2.227674790727308007e+00
2.246714746203609447e+00
2.265754701679911332e+00
2.284794657156213216e+00
2.303834612632515100e+00
2.322874568108816540e+00
2.341914523585118424e+00
2.360954479061420308e+00
2.379994434537722192e+00
2.399034390014023632e+00
2.418074345490325516e+00
2.437114300966627400e+00
2.456154256442929285e+00
2.475194211919231169e+00
2.494234167395532609e+00
2.513274122871834493e+00
2.532314078348136377e+00
2.551354033824438261e+00
2.570393989300739701e+00
2.589433944777041585e+00
2.608473900253343469e+00
2.627513855729645353e+00
2.646553811205946793e+00
2.665593766682248678e+00
2.684633722158550562e+00
2.703673677634852446e+00
2.722713633111153886e+00
2.741753588587455770e+00
2.760793544063757654e+00
2.779833499540059538e+00
2.798873455016360978e+00
2.817913410492662862e+00
2.836953365968964746e+00
2.855993321445266631e+00
2.875033276921568071e+00
2.894073232397869955e+00
2.913113187874171839e+00
2.932153143350473723e+00
2.951193098826775163e+00
2.970233054303077047e+00
2.989273009779378931e+00
3.008312965255680815e+00
3.027352920731982255e+00
3.046392876208284139e+00
3.065432831684586024e+00
3.084472787160887908e+00
3.103512742637189792e+00
3.122552698113491232e+00
